%YAML:1.0
---
M1: !!opencv-matrix
   rows: 3
   cols: 3
   dt: d
   data: [ 3.2162512414903148e+02, 0., 1.5613027378368020e+02, 0.,
       3.2153041886329743e+02, 1.1975201912076582e+02, 0., 0., 1. ]
D1: !!opencv-matrix
   rows: 1
   cols: 5
   dt: d
   data: [ 3.9492668385310192e-01, -3.7679383285172787e+00,
       -9.1515662089302792e-03, -4.5215997737875933e-03,
       1.4365275473185276e+01 ]
M2: !!opencv-matrix
   rows: 3
   cols: 3
   dt: d
   data: [ 3.0935520211307022e+02, 0., 1.4692444679284350e+02, 0.,
       3.0826314020879670e+02, 1.1356666386656492e+02, 0., 0., 1. ]
D2: !!opencv-matrix
   rows: 1
   cols: 5
   dt: d
   data: [ 4.9881810911212032e-01, -6.2573318639053603e+00,
       -5.8289272303866969e-03, -1.2607549893094615e-02,
       2.5431722735343133e+01 ]
R: !!opencv-matrix
   rows: 3
   cols: 3
   dt: d
   data: [ 9.9990340252731957e-01, 2.6171855579922146e-04,
       1.3896658507952769e-02, -4.8247727318231171e-04,
       9.9987371274452841e-01, 1.5884765599565708e-02,
       -1.3890746199177649e-02, -1.5889935993257932e-02,
       9.9977725374413284e-01 ]
T: !!opencv-matrix
   rows: 3
   cols: 1
   dt: d
   data: [ -4.0229510678544237e+01, 4.8417888349568824e-02,
       -2.5687256887236725e+00 ]
R1: !!opencv-matrix
   rows: 3
   cols: 3
   dt: d
   data: [ 9.9698600059839526e-01, -1.9522944841674733e-03,
       7.7557096110308574e-02, 1.3350985620745029e-03,
       9.9996703609255344e-01, 8.0090099327854228e-03,
       -7.7570175471285974e-02, -7.8813244141450155e-03,
       9.9695574254970454e-01 ]
R2: !!opencv-matrix
   rows: 3
   cols: 3
   dt: d
   data: [ 9.9796696779826033e-01, -1.2010947289295393e-03,
       6.3721962893480033e-02, 1.7079779994833327e-03,
       9.9996733009075645e-01, -7.9007317583477468e-03,
       -6.3710391575465833e-02, 7.9935050269716763e-03,
       9.9793641575136660e-01 ]
P1: !!opencv-matrix
   rows: 3
   cols: 4
   dt: d
   data: [ 3.1409508931291037e+02, 0., 1.3937549161911011e+02, 0., 0.,
       3.1409508931291037e+02, 1.1970632410049438e+02, 0., 0., 0., 1.,
       0. ]
P2: !!opencv-matrix
   rows: 3
   cols: 4
   dt: d
   data: [ 3.1409508931291037e+02, 0., 1.3937549161911011e+02,
       -1.2661633257731617e+04, 0., 3.1409508931291037e+02,
       1.1970632410049438e+02, 0., 0., 0., 1., 0. ]
Q: !!opencv-matrix
   rows: 4
   cols: 4
   dt: d
   data: [ 1., 0., 0., -1.3937549161911011e+02, 0., 1., 0.,
       -1.1970632410049438e+02, 0., 0., 0., 3.1409508931291037e+02, 0.,
       0., 2.4806838337472253e-02, 0. ]
